 BOXLX    = 51.1468474
 BOXLY    = 51.1468474
 BOXLZ    = 89.64
